2,0.0005543231964111328
3,0.0004622936248779297
4,0.0017266273498535156
5,0.00047969818115234375
6,0.0004436969757080078
7,0.00046515464782714844
8,0.0006327629089355469
9,0.0006923675537109375
10,0.0010786056518554688
11,0.0007038116455078125
12,0.0006542205810546875
13,0.0011653900146484375
14,0.0019075870513916016
15,0.0008835792541503906
16,0.0007388591766357422
17,0.0008549690246582031
18,0.0009894371032714844
19,0.0011031627655029297
20,0.0012772083282470703
21,0.004353523254394531
22,0.002159595489501953
23,0.002285480499267578
24,0.0023980140686035156
25,0.006028890609741211
26,0.0026564598083496094
27,0.002760648727416992
28,0.007784605026245117
29,0.0031554698944091797
30,0.00699925422668457
31,0.003261089324951172
32,0.003907203674316406
33,0.007047176361083984
34,0.0028104782104492188
35,0.003835439682006836
36,0.0031595230102539062
37,0.0027382373809814453
38,0.0030984878540039062
39,0.008126974105834961
40,0.005198240280151367
41,0.006704568862915039
42,0.0042073726654052734
43,0.005932807922363281
44,0.005197048187255859
45,0.021076440811157227
46,0.00774836540222168
47,0.00584721565246582
48,0.005631446838378906
49,0.03205466270446777
50,0.004813432693481445
51,0.0058422088623046875
52,0.0051877498626708984
53,0.0055654048919677734
54,0.019606351852416992
55,0.006636142730712891
56,0.007363080978393555
57,0.021806955337524414
58,0.008780479431152344
59,0.009556293487548828
60,0.025475025177001953
61,0.015086174011230469
62,0.009617805480957031
63,0.0076978206634521484
64,0.010405540466308594
65,0.010805845260620117
66,0.00719761848449707
67,0.010816097259521484
68,0.009590625762939453
69,0.007638692855834961
70,0.009384632110595703
71,0.006910085678100586
72,0.009165287017822266
73,0.017297029495239258
74,0.008642911911010742
75,0.007349967956542969
76,0.008877992630004883
77,0.008042335510253906
78,0.012622594833374023
79,0.007909536361694336
80,0.010323047637939453
81,0.01020359992980957
82,0.008472204208374023
83,0.013303756713867188
84,0.013163089752197266
85,0.013349533081054688
86,0.013580322265625
87,0.015380859375
88,0.018075942993164062
89,0.01417684555053711
90,0.014339923858642578
91,0.0146636962890625
92,0.015578031539916992
93,0.016388416290283203
94,0.014738321304321289
95,0.016501426696777344
96,0.01792001724243164
97,0.017320632934570312
98,0.01633477210998535
99,0.013470888137817383
100,0.013390541076660156
101,0.012488603591918945
102,0.014214515686035156
103,0.014971017837524414
104,0.013782978057861328
105,0.014776468276977539
106,0.014451742172241211
107,0.01510930061340332
108,0.015627384185791016
109,0.013749837875366211
110,0.014895200729370117
111,0.01654505729675293
112,0.016646146774291992
113,0.015999555587768555
114,0.017750263214111328
115,0.014963388442993164
116,0.01665019989013672
117,0.014636754989624023
118,0.01842188835144043
119,0.016939640045166016
120,0.014447212219238281
121,0.017934322357177734
122,0.016843557357788086
123,0.01750969886779785
124,0.016284704208374023
125,0.01660013198852539
126,0.019853591918945312
127,0.01636338233947754
128,0.01787734031677246
129,0.018993377685546875
130,0.017867565155029297
131,0.02438807487487793
132,0.02090930938720703
133,0.02109551429748535
134,0.02271437644958496
135,0.018149137496948242
136,0.01741170883178711
137,0.021815776824951172
138,0.019794464111328125
139,0.019304275512695312
140,0.017647981643676758
141,0.02093052864074707
142,0.01814556121826172
143,0.017972946166992188
144,0.01853346824645996
145,0.018941402435302734
146,0.019149065017700195
147,0.018769025802612305
148,0.019663333892822266
149,0.018396377563476562
150,0.01967334747314453
151,0.019078731536865234
152,0.018616199493408203
153,0.022275447845458984
154,0.019307613372802734
155,0.01965785026550293
156,0.02134394645690918
157,0.021073341369628906
158,0.018644332885742188
159,0.02193140983581543
160,0.02062821388244629
161,0.02226877212524414
162,0.021467208862304688
163,0.025146484375
164,0.022881269454956055
165,0.028279781341552734
166,0.027706384658813477
167,0.028801918029785156
168,0.0278627872467041
169,0.0273435115814209
170,0.027528762817382812
171,0.030119657516479492
172,0.02959442138671875
173,0.03278994560241699
174,0.03415179252624512
175,0.03513526916503906
176,0.027849674224853516
177,0.03540778160095215
178,0.029922008514404297
179,0.030185461044311523
180,0.029537677764892578
181,0.026760339736938477
182,0.0298004150390625
183,0.02776622772216797
184,0.029749393463134766
185,0.032692670822143555
186,0.026827573776245117
187,0.03079080581665039
188,0.03188610076904297
189,0.03171586990356445
190,0.030701637268066406
191,0.03380131721496582
192,0.031334877014160156
193,0.030024290084838867
194,0.029970407485961914
195,0.03413271903991699
196,0.0312952995300293
197,0.03097391128540039
198,0.033048152923583984
199,0.035265207290649414
2,0.0006024837493896484
3,0.0006449222564697266
4,0.0007383823394775391
5,0.0005121231079101562
6,0.0020294189453125
7,0.0007317066192626953
8,0.0005326271057128906
9,0.00069427490234375
10,0.0006954669952392578
11,0.0005941390991210938
12,0.0007498264312744141
13,0.0015599727630615234
14,0.0008459091186523438
15,0.0007026195526123047
16,0.000911712646484375
17,0.0014202594757080078
18,0.0018589496612548828
19,0.0010514259338378906
20,0.0010051727294921875
21,0.002069711685180664
22,0.001890420913696289
23,0.002741098403930664
24,0.0018877983093261719
25,0.002510547637939453
26,0.002653360366821289
27,0.004297733306884766
28,0.00612330436706543
29,0.0023729801177978516
30,0.002774953842163086
31,0.005075931549072266
32,0.01581597328186035
33,0.002930164337158203
34,0.002816915512084961
35,0.00403594970703125
36,0.003221750259399414
37,0.00604248046875
38,0.003725290298461914
39,0.0041561126708984375
40,0.02319955825805664
41,0.004831075668334961
42,0.006639003753662109
43,0.02654576301574707
44,0.015450239181518555
45,0.007834911346435547
46,0.00889897346496582
47,0.005563497543334961
48,0.011573314666748047
49,0.0063784122467041016
50,0.006751298904418945
51,0.022948503494262695
52,0.00670933723449707
53,0.008242130279541016
54,0.0061817169189453125
55,0.0061953067779541016
56,0.026808977127075195
57,0.009216547012329102
58,0.008266210556030273
59,0.006775856018066406
60,0.011651277542114258
61,0.006429433822631836
62,0.008067131042480469
63,0.010961771011352539
64,0.017110824584960938
65,0.010790109634399414
66,0.008349180221557617
67,0.02614879608154297
68,0.013929367065429688
69,0.008977890014648438
70,0.008248090744018555
71,0.011507749557495117
72,0.007712602615356445
73,0.010346651077270508
74,0.011112689971923828
75,0.013189077377319336
76,0.011224985122680664
77,0.008465290069580078
78,0.010194063186645508
79,0.024018526077270508
80,0.009290933609008789
81,0.01044011116027832
82,0.010376930236816406
83,0.011853456497192383
84,0.019522428512573242
85,0.03413271903991699
86,0.012815475463867188
87,0.01513528823852539
88,0.01260995864868164
89,0.014429092407226562
90,0.03213381767272949
91,0.019469499588012695
92,0.01547098159790039
93,0.023209571838378906
94,0.015561342239379883
95,0.018054723739624023
96,0.031176090240478516
97,0.013945817947387695
98,0.01594686508178711
99,0.022016048431396484
100,0.03396916389465332
101,0.01464533805847168
102,0.016795635223388672
103,0.016530513763427734
104,0.016887664794921875
105,0.017189979553222656
106,0.026775598526000977
107,0.016726016998291016
108,0.03588676452636719
109,0.020252466201782227
110,0.01639556884765625
111,0.03806662559509277
112,0.019751310348510742
113,0.01979970932006836
114,0.01809096336364746
115,0.016010284423828125
116,0.016786813735961914
117,0.018419265747070312
118,0.04483509063720703
119,0.027655363082885742
120,0.02108454704284668
121,0.018708467483520508
122,0.020143508911132812
123,0.019335031509399414
124,0.021135330200195312
125,0.01926422119140625
126,0.035387277603149414
127,0.03364109992980957
128,0.017679929733276367
129,0.01878070831298828
130,0.02088642120361328
131,0.016594409942626953
132,0.02005481719970703
133,0.02081894874572754
134,0.017455101013183594
135,0.015894174575805664
136,0.019309043884277344
137,0.017500638961791992
138,0.01815509796142578
139,0.020372629165649414
140,0.017533540725708008
141,0.01932382583618164
142,0.01772594451904297
143,0.017766475677490234
144,0.017139673233032227
145,0.019780397415161133
146,0.018191814422607422
147,0.018090486526489258
148,0.022999286651611328
149,0.018402099609375
150,0.01807117462158203
151,0.018474578857421875
152,0.020661354064941406
153,0.018692970275878906
154,0.018822431564331055
155,0.022770166397094727
156,0.019835472106933594
157,0.021743059158325195
158,0.021506309509277344
159,0.01944756507873535
160,0.023943662643432617
161,0.020747661590576172
162,0.023305654525756836
163,0.023103713989257812
164,0.0249783992767334
165,0.022981882095336914
166,0.027002811431884766
167,0.027472257614135742
168,0.026760578155517578
169,0.02672100067138672
170,0.030985116958618164
171,0.030052900314331055
172,0.029451370239257812
173,0.03144955635070801
174,0.02830791473388672
175,0.02828359603881836
176,0.029574155807495117
177,0.028654098510742188
178,0.03307628631591797
179,0.02622532844543457
180,0.02794027328491211
181,0.031496286392211914
182,0.029097318649291992
183,0.03133821487426758
184,0.03171682357788086
185,0.030198097229003906
186,0.02867412567138672
187,0.03115105628967285
188,0.03081965446472168
189,0.030187129974365234
190,0.03058338165283203
191,0.03229808807373047
192,0.029796838760375977
193,0.035318613052368164
194,0.030531644821166992
195,0.031092166900634766
196,0.0311887264251709
197,0.034120798110961914
198,0.031151533126831055
199,0.03264927864074707
2,0.0004432201385498047
3,0.00029969215393066406
4,0.0005156993865966797
5,0.0006308555603027344
6,0.0006372928619384766
7,0.0005507469177246094
8,0.0004448890686035156
9,0.0005791187286376953
10,0.0006320476531982422
11,0.0009555816650390625
12,0.0006473064422607422
13,0.0007483959197998047
14,0.0007841587066650391
15,0.0010128021240234375
16,0.0017664432525634766
17,0.0009028911590576172
18,0.0034682750701904297
19,0.002234935760498047
20,0.0028181076049804688
21,0.002057313919067383
22,0.0021102428436279297
23,0.0019140243530273438
24,0.003986358642578125
25,0.0030946731567382812
26,0.0033049583435058594
27,0.002646207809448242
28,0.0023949146270751953
29,0.003263235092163086
30,0.0025930404663085938
31,0.007515430450439453
32,0.003247499465942383
33,0.005968332290649414
34,0.004586219787597656
35,0.006703615188598633
36,0.0037479400634765625
37,0.005248546600341797
38,0.005475044250488281
39,0.0066432952880859375
40,0.00453948974609375
41,0.01067662239074707
42,0.006062030792236328
43,0.007624626159667969
44,0.00547480583190918
45,0.008854389190673828
46,0.00838780403137207
47,0.007790565490722656
48,0.009794950485229492
49,0.008972406387329102
50,0.005598545074462891
51,0.009758234024047852
52,0.008305072784423828
53,0.013735771179199219
54,0.008954048156738281
55,0.008516073226928711
56,0.006964683532714844
57,0.015117645263671875
58,0.00892329216003418
59,0.006138801574707031
60,0.01375126838684082
61,0.00802922248840332
62,0.009785652160644531
63,0.011059999465942383
64,0.01892375946044922
65,0.013176441192626953
66,0.011182069778442383
67,0.017738819122314453
68,0.016576051712036133
69,0.013502120971679688
70,0.020810604095458984
71,0.011287689208984375
72,0.008914947509765625
73,0.01471400260925293
74,0.009494781494140625
75,0.010300874710083008
76,0.01205587387084961
77,0.011417865753173828
78,0.016555070877075195
79,0.01418447494506836
80,0.018858909606933594
81,0.030613183975219727
82,0.023729562759399414
83,0.015071868896484375
84,0.02428126335144043
85,0.02395486831665039
86,0.02455902099609375
87,0.031119823455810547
88,0.030646324157714844
89,0.03692626953125
90,0.02296280860900879
91,0.022769689559936523
92,0.021562576293945312
93,0.021433353424072266
94,0.021752119064331055
95,0.025817155838012695
96,0.02282261848449707
97,0.03165578842163086
98,0.024271249771118164
99,0.017562389373779297
100,0.01731109619140625
101,0.020325183868408203
102,0.01727604866027832
103,0.021023273468017578
104,0.014624595642089844
105,0.01695537567138672
106,0.020830869674682617
107,0.016194820404052734
108,0.018642425537109375
109,0.017486095428466797
110,0.017750978469848633
111,0.020158052444458008
112,0.03604269027709961
113,0.017856597900390625
114,0.02170705795288086
115,0.017809152603149414
116,0.019360780715942383
117,0.02141284942626953
118,0.01847982406616211
119,0.017756938934326172
120,0.018606185913085938
121,0.020971298217773438
122,0.01822948455810547
123,0.02325916290283203
124,0.019864797592163086
125,0.02010345458984375
126,0.022043704986572266
127,0.02155017852783203
128,0.021556615829467773
129,0.021790266036987305
130,0.0200653076171875
131,0.02485346794128418
132,0.019749879837036133
133,0.023250818252563477
134,0.019637584686279297
135,0.02378678321838379
136,0.02059149742126465
137,0.022507905960083008
138,0.019711971282958984
139,0.019820213317871094
140,0.022522449493408203
141,0.018580198287963867
142,0.021076202392578125
143,0.02082085609436035
144,0.01894664764404297
145,0.0181734561920166
146,0.016101598739624023
147,0.019251346588134766
148,0.017662763595581055
149,0.018786191940307617
150,0.021909475326538086
151,0.018917322158813477
152,0.02021002769470215
153,0.020769119262695312
154,0.020027637481689453
155,0.020578861236572266
156,0.021760225296020508
157,0.019435882568359375
158,0.026566505432128906
159,0.02094411849975586
160,0.020978212356567383
161,0.020971059799194336
162,0.024170398712158203
163,0.022519588470458984
164,0.027350187301635742
165,0.023980379104614258
166,0.02572917938232422
167,0.02746748924255371
168,0.028644561767578125
169,0.026601076126098633
170,0.030119895935058594
171,0.027814149856567383
172,0.029522180557250977
173,0.03102731704711914
174,0.028090476989746094
175,0.032804250717163086
176,0.03284573554992676
177,0.03220343589782715
178,0.029461145401000977
179,0.03044295310974121
180,0.030544281005859375
181,0.03096747398376465
182,0.028009414672851562
183,0.031237363815307617
184,0.030206680297851562
185,0.03019404411315918
186,0.03083181381225586
187,0.03107619285583496
188,0.029674291610717773
189,0.03158688545227051
190,0.030382156372070312
191,0.032936811447143555
192,0.032792091369628906
193,0.034354209899902344
194,0.03093123435974121
195,0.03197884559631348
196,0.03255629539489746
197,0.033432722091674805
198,0.031531333923339844
199,0.03124070167541504
2,0.0007786750793457031
3,0.0018260478973388672
4,0.0004112720489501953
5,0.0005128383636474609
6,0.0005359649658203125
7,0.0014967918395996094
8,0.0007517337799072266
9,0.0005841255187988281
10,0.0008165836334228516
11,0.0027828216552734375
12,0.0017535686492919922
13,0.0008833408355712891
14,0.0009431838989257812
15,0.001463174819946289
16,0.001409769058227539
17,0.0009958744049072266
18,0.003683805465698242
19,0.0012090206146240234
20,0.0010569095611572266
21,0.002679586410522461
22,0.002692699432373047
23,0.0024862289428710938
24,0.0020720958709716797
25,0.002901792526245117
26,0.012279510498046875
27,0.0035173892974853516
28,0.0032455921173095703
29,0.005272865295410156
30,0.0028722286224365234
31,0.005409955978393555
32,0.004791975021362305
33,0.002652883529663086
34,0.0028710365295410156
35,0.004177570343017578
36,0.00528407096862793
37,0.006674051284790039
38,0.005624532699584961
39,0.0030584335327148438
40,0.004156827926635742
41,0.005697727203369141
42,0.0073168277740478516
43,0.0077686309814453125
44,0.008097410202026367
45,0.009384393692016602
46,0.0060214996337890625
47,0.00826883316040039
48,0.009799718856811523
49,0.006669759750366211
50,0.009546995162963867
51,0.0076236724853515625
52,0.01906561851501465
53,0.0179746150970459
54,0.0074024200439453125
55,0.008236169815063477
56,0.013280391693115234
57,0.007571220397949219
58,0.00861978530883789
59,0.009875774383544922
60,0.023187637329101562
61,0.013952970504760742
62,0.01027536392211914
63,0.011244058609008789
64,0.014430999755859375
65,0.013108968734741211
66,0.009773731231689453
67,0.014951944351196289
68,0.016148090362548828
69,0.010474920272827148
70,0.011736869812011719
71,0.008593082427978516
72,0.01352834701538086
73,0.013308286666870117
74,0.0207827091217041
75,0.013533592224121094
76,0.011395931243896484
77,0.015420675277709961
78,0.02195596694946289
79,0.021914958953857422
80,0.015238761901855469
81,0.013295412063598633
82,0.0180661678314209
83,0.0159912109375
84,0.022230863571166992
85,0.020325899124145508
86,0.019173145294189453
87,0.0123748779296875
88,0.018828630447387695
89,0.016239166259765625
90,0.01797008514404297
91,0.016763687133789062
92,0.017574310302734375
93,0.03270244598388672
94,0.024134159088134766
95,0.020431995391845703
96,0.024137020111083984
97,0.02469325065612793
98,0.02585577964782715
99,0.02956700325012207
100,0.024324893951416016
101,0.022103548049926758
102,0.027787208557128906
103,0.023339271545410156
104,0.025380611419677734
105,0.02072763442993164
106,0.024090290069580078
107,0.02148127555847168
108,0.024475574493408203
109,0.025458574295043945
110,0.022665739059448242
111,0.021645069122314453
112,0.028832435607910156
113,0.025316476821899414
114,0.025910139083862305
115,0.02434515953063965
116,0.022586345672607422
117,0.029295682907104492
118,0.02795696258544922
119,0.025005340576171875
120,0.024204730987548828
121,0.02836132049560547
122,0.04290604591369629
123,0.03201627731323242
124,0.025734424591064453
125,0.024354219436645508
126,0.026759862899780273
127,0.029649734497070312
128,0.0299990177154541
129,0.024611711502075195
130,0.02840447425842285
131,0.023483991622924805
132,0.02588176727294922
133,0.02083730697631836
134,0.01665019989013672
135,0.017385244369506836
136,0.017843008041381836
137,0.016664743423461914
138,0.018808841705322266
139,0.017193317413330078
140,0.01721334457397461
141,0.018372535705566406
142,0.018140554428100586
143,0.018227338790893555
144,0.017574071884155273
145,0.019577980041503906
146,0.01718592643737793
147,0.019770383834838867
148,0.01943659782409668
149,0.01982736587524414
150,0.020682096481323242
151,0.027104616165161133
152,0.018749713897705078
153,0.02382636070251465
154,0.019611835479736328
155,0.02228689193725586
156,0.01881861686706543
157,0.020845413208007812
158,0.021463871002197266
159,0.021929025650024414
160,0.022667884826660156
161,0.022623300552368164
162,0.023252010345458984
163,0.02261519432067871
164,0.025986671447753906
165,0.02546072006225586
166,0.029062509536743164
167,0.026320219039916992
168,0.028185129165649414
169,0.029705524444580078
170,0.026137351989746094
171,0.027820825576782227
172,0.027043581008911133
173,0.028158187866210938
174,0.028584957122802734
175,0.028748035430908203
176,0.028414487838745117
177,0.031147480010986328
178,0.02968573570251465
179,0.02699136734008789
180,0.028341054916381836
181,0.026481151580810547
182,0.031169414520263672
183,0.029805660247802734
184,0.030764341354370117
185,0.029767751693725586
186,0.03130054473876953
187,0.03087472915649414
188,0.030568838119506836
189,0.03150177001953125
190,0.031087160110473633
191,0.03222060203552246
192,0.030435800552368164
193,0.031348466873168945
194,0.0323641300201416
195,0.03151655197143555
196,0.03214693069458008
197,0.031410932540893555
198,0.03323626518249512
199,0.03316998481750488
2,0.0033974647521972656
3,0.0018086433410644531
4,0.002663850784301758
5,0.0016131401062011719
6,0.0012333393096923828
7,0.0018849372863769531
8,0.0004456043243408203
9,0.0007517337799072266
10,0.0015859603881835938
11,0.0012555122375488281
12,0.0031309127807617188
13,0.0006954669952392578
14,0.0007326602935791016
15,0.001008749008178711
16,0.0008778572082519531
17,0.0007925033569335938
18,0.0008873939514160156
19,0.0070531368255615234
20,0.0035619735717773438
21,0.0036704540252685547
22,0.0031723976135253906
23,0.003489971160888672
24,0.0038993358612060547
25,0.00656580924987793
26,0.005860328674316406
27,0.0023436546325683594
28,0.0050013065338134766
29,0.004802703857421875
30,0.002731800079345703
31,0.0029609203338623047
32,0.002273082733154297
33,0.0030808448791503906
34,0.0034935474395751953
35,0.017778873443603516
36,0.007112026214599609
37,0.004785776138305664
38,0.004675149917602539
39,0.005808115005493164
40,0.0035958290100097656
41,0.006313800811767578
42,0.0056002140045166016
43,0.0076181888580322266
44,0.01082301139831543
45,0.007838726043701172
46,0.008069992065429688
47,0.008847475051879883
48,0.005558013916015625
49,0.008773088455200195
50,0.009453058242797852
51,0.008076906204223633
52,0.00880122184753418
53,0.01746654510498047
54,0.01045989990234375
55,0.006301403045654297
56,0.01651930809020996
57,0.010389566421508789
58,0.011141777038574219
59,0.010231256484985352
60,0.0167086124420166
61,0.012260675430297852
62,0.01347041130065918
63,0.01425027847290039
64,0.012350082397460938
65,0.008885860443115234
66,0.014382123947143555
67,0.00951838493347168
68,0.013094425201416016
69,0.024309635162353516
70,0.015875577926635742
71,0.014528274536132812
72,0.019071578979492188
73,0.013145923614501953
74,0.011727094650268555
75,0.015653133392333984
76,0.01494288444519043
77,0.009989738464355469
78,0.009882450103759766
79,0.024478673934936523
80,0.03323936462402344
81,0.01611328125
82,0.018331289291381836
83,0.021648645401000977
84,0.023738622665405273
85,0.023744583129882812
86,0.022969484329223633
87,0.023447513580322266
88,0.024824142456054688
89,0.03436875343322754
90,0.03371095657348633
91,0.03400301933288574
92,0.031227827072143555
93,0.03368091583251953
94,0.03544211387634277
95,0.018821239471435547
96,0.015004634857177734
97,0.01677107810974121
98,0.016290664672851562
99,0.01620197296142578
100,0.01764202117919922
101,0.0172882080078125
102,0.016715288162231445
103,0.016893625259399414
104,0.018966197967529297
105,0.017452716827392578
106,0.019672632217407227
107,0.017170429229736328
108,0.017856121063232422
109,0.01979660987854004
110,0.01614975929260254
111,0.018962383270263672
112,0.018918991088867188
113,0.017481565475463867
114,0.03013134002685547
115,0.017557621002197266
116,0.018362998962402344
117,0.021335840225219727
118,0.019568920135498047
119,0.023581504821777344
120,0.020609617233276367
121,0.018505096435546875
122,0.022259950637817383
123,0.018572092056274414
124,0.02085280418395996
125,0.01898956298828125
126,0.021661758422851562
127,0.019073486328125
128,0.021887540817260742
129,0.01914834976196289
130,0.02249765396118164
131,0.020606279373168945
132,0.02061629295349121
133,0.019962787628173828
134,0.020950794219970703
135,0.01880478858947754
136,0.023015975952148438
137,0.03348135948181152
138,0.024976015090942383
139,0.023407936096191406
140,0.0209200382232666
141,0.02142500877380371
142,0.022001028060913086
143,0.0242617130279541
144,0.021326065063476562
145,0.025009870529174805
146,0.02468585968017578
147,0.023268938064575195
148,0.02334141731262207
149,0.0278317928314209
150,0.0235593318939209
151,0.021566152572631836
152,0.024615049362182617
153,0.022483110427856445
154,0.022130250930786133
155,0.02422642707824707
156,0.03717207908630371
157,0.04064154624938965
158,0.022422075271606445
159,0.02369213104248047
160,0.027371644973754883
161,0.02647852897644043
162,0.02430438995361328
163,0.031134605407714844
164,0.026326417922973633
165,0.030021190643310547
166,0.03428173065185547
167,0.031017065048217773
168,0.03456258773803711
169,0.03382134437561035
170,0.03435826301574707
171,0.03304910659790039
172,0.03577089309692383
173,0.032684326171875
174,0.0342254638671875
175,0.036440372467041016
176,0.03570437431335449
177,0.03574872016906738
178,0.0356900691986084
179,0.04526853561401367
180,0.03392314910888672
181,0.03754138946533203
182,0.03405141830444336
183,0.034259796142578125
184,0.037320613861083984
185,0.06886506080627441
186,0.03362441062927246
187,0.038756608963012695
188,0.036661624908447266
189,0.03725743293762207
190,0.0354306697845459
191,0.03707242012023926
192,0.03716325759887695
193,0.03686261177062988
194,0.03199911117553711
195,0.049701690673828125
196,0.04821062088012695
197,0.051628828048706055
198,0.055975914001464844
199,0.04055190086364746
2,0.0006389617919921875
3,0.0002734661102294922
4,0.0009570121765136719
5,0.0008747577667236328
6,0.00041413307189941406
7,0.0006682872772216797
8,0.0006949901580810547
9,0.0007421970367431641
10,0.0018496513366699219
11,0.0007555484771728516
12,0.0006384849548339844
13,0.0009419918060302734
14,0.0010144710540771484
15,0.0010211467742919922
16,0.0008962154388427734
17,0.002325773239135742
18,0.004685401916503906
19,0.0017745494842529297
20,0.0012249946594238281
21,0.002518892288208008
22,0.0017125606536865234
23,0.0021631717681884766
24,0.0021202564239501953
25,0.0028183460235595703
26,0.0023984909057617188
27,0.002166271209716797
28,0.002199888229370117
29,0.0029687881469726562
30,0.003097057342529297
31,0.003943681716918945
32,0.0033905506134033203
33,0.0043218135833740234
34,0.004500627517700195
35,0.003816843032836914
36,0.0038268566131591797
37,0.0031952857971191406
38,0.004491090774536133
39,0.0037240982055664062
40,0.0036690235137939453
41,0.011094331741333008
42,0.00544285774230957
43,0.005582571029663086
44,0.006642818450927734
45,0.005721569061279297
46,0.005696296691894531
47,0.007611274719238281
48,0.0064830780029296875
49,0.005203723907470703
50,0.010645866394042969
51,0.006638526916503906
52,0.012970209121704102
53,0.015013694763183594
54,0.011256933212280273
55,0.007166862487792969
56,0.007424354553222656
57,0.014090299606323242
58,0.009945154190063477
59,0.008385181427001953
60,0.013004064559936523
61,0.01454925537109375
62,0.011609554290771484
63,0.012775182723999023
64,0.014753341674804688
65,0.013014078140258789
66,0.012027263641357422
67,0.010965347290039062
68,0.007831096649169922
69,0.010231494903564453
70,0.012291193008422852
71,0.008281469345092773
72,0.009526491165161133
73,0.010941028594970703
74,0.012621164321899414
75,0.008934259414672852
76,0.00839376449584961
77,0.012080907821655273
78,0.012604236602783203
79,0.008953332901000977
80,0.008737564086914062
81,0.011472225189208984
82,0.01526188850402832
83,0.013623714447021484
84,0.01631903648376465
85,0.016198158264160156
86,0.014856338500976562
87,0.016098737716674805
88,0.018254995346069336
89,0.017493724822998047
90,0.017162561416625977
91,0.01844501495361328
92,0.014984369277954102
93,0.018291711807250977
94,0.01617717742919922
95,0.018673181533813477
96,0.017003536224365234
97,0.03276681900024414
98,0.01730036735534668
99,0.017756223678588867
100,0.017461538314819336
101,0.015376091003417969
102,0.023106813430786133
103,0.01811075210571289
104,0.019068002700805664
105,0.019932270050048828
106,0.018173694610595703
107,0.018593788146972656
108,0.014827728271484375
109,0.021842241287231445
110,0.017433643341064453
111,0.01829981803894043
112,0.020410776138305664
113,0.019219398498535156
114,0.017953157424926758
115,0.018589496612548828
116,0.02003955841064453
117,0.017452001571655273
118,0.020460128784179688
119,0.017982959747314453
120,0.01856517791748047
121,0.017778873443603516
122,0.0201113224029541
123,0.018331527709960938
124,0.019280195236206055
125,0.024890661239624023
126,0.018672466278076172
127,0.026192903518676758
128,0.020756006240844727
129,0.022973060607910156
130,0.021041393280029297
131,0.018757343292236328
132,0.023033857345581055
133,0.020136594772338867
134,0.02138352394104004
135,0.020554304122924805
136,0.024836063385009766
137,0.020650863647460938
138,0.02529287338256836
139,0.019501209259033203
140,0.024300098419189453
141,0.023455142974853516
142,0.027395963668823242
143,0.026630878448486328
144,0.025292396545410156
145,0.024585485458374023
146,0.02595973014831543
147,0.021251916885375977
148,0.024888277053833008
149,0.022396087646484375
150,0.02732110023498535
151,0.023450374603271484
152,0.021918773651123047
153,0.02486872673034668
154,0.026190757751464844
155,0.023676395416259766
156,0.027615070343017578
157,0.025328874588012695
158,0.026516437530517578
159,0.023495912551879883
160,0.023069381713867188
161,0.029257535934448242
162,0.02733898162841797
163,0.029842376708984375
164,0.028415918350219727
165,0.026786327362060547
166,0.029626131057739258
167,0.02986621856689453
168,0.03311944007873535
169,0.034017086029052734
170,0.038732051849365234
171,0.03708696365356445
172,0.032695770263671875
173,0.041072845458984375
174,0.03364849090576172
175,0.06103229522705078
176,0.03371024131774902
177,0.03617525100708008
178,0.03773379325866699
179,0.03549075126647949
180,0.033650875091552734
181,0.036077260971069336
182,0.03607988357543945
183,0.03818058967590332
184,0.0377044677734375
185,0.03802323341369629
186,0.03626608848571777
187,0.0383145809173584
188,0.03905320167541504
189,0.03790402412414551
190,0.04288673400878906
191,0.03696775436401367
192,0.03637290000915527
193,0.038297414779663086
194,0.03788304328918457
195,0.04229927062988281
196,0.03920626640319824
197,0.03592324256896973
198,0.03697919845581055
199,0.06106114387512207
2,0.0005218982696533203
3,0.0006797313690185547
4,0.0005517005920410156
5,0.0003814697265625
6,0.0004820823669433594
7,0.0011315345764160156
8,0.0011115074157714844
9,0.0004966259002685547
10,0.0004825592041015625
11,0.0009396076202392578
12,0.0007767677307128906
13,0.0007536411285400391
14,0.0007526874542236328
15,0.0010540485382080078
16,0.0008361339569091797
17,0.001154184341430664
18,0.001802206039428711
19,0.0010275840759277344
20,0.00138092041015625
21,0.001764535903930664
22,0.002273082733154297
23,0.001840353012084961
24,0.0019402503967285156
25,0.002834320068359375
26,0.0023725032806396484
27,0.002226591110229492
28,0.005410671234130859
29,0.0022597312927246094
30,0.0034189224243164062
31,0.002754688262939453
32,0.006563901901245117
33,0.0031824111938476562
34,0.002920389175415039
35,0.008067131042480469
36,0.0033965110778808594
37,0.003989696502685547
38,0.0056722164154052734
39,0.003966808319091797
40,0.003112316131591797
41,0.006395101547241211
42,0.004408836364746094
43,0.004578590393066406
44,0.005102396011352539
45,0.005541324615478516
46,0.00588226318359375
47,0.004618644714355469
48,0.006077766418457031
49,0.006648540496826172
50,0.004760265350341797
51,0.008430719375610352
52,0.0065288543701171875
53,0.007318735122680664
54,0.005696535110473633
55,0.009297370910644531
56,0.005339145660400391
57,0.0074841976165771484
58,0.006371021270751953
59,0.005624294281005859
60,0.00718998908996582
61,0.0062255859375
62,0.00688934326171875
63,0.008760690689086914
64,0.005900144577026367
65,0.006012678146362305
66,0.0060956478118896484
67,0.006148338317871094
68,0.0074350833892822266
69,0.0091552734375
70,0.006711244583129883
71,0.009393930435180664
72,0.009426116943359375
73,0.007803678512573242
74,0.00897216796875
75,0.006691455841064453
76,0.010032415390014648
77,0.007352352142333984
78,0.010685920715332031
79,0.009740829467773438
80,0.007531881332397461
81,0.010458707809448242
82,0.011432886123657227
83,0.010426044464111328
84,0.012183427810668945
85,0.013118743896484375
86,0.013122320175170898
87,0.017095088958740234
88,0.014894485473632812
89,0.011900663375854492
90,0.013647317886352539
91,0.011852025985717773
92,0.012584686279296875
93,0.011070013046264648
94,0.012770414352416992
95,0.014769315719604492
96,0.013147592544555664
97,0.017015695571899414
98,0.014691591262817383
99,0.01649618148803711
100,0.019817829132080078
101,0.01481175422668457
102,0.015311241149902344
103,0.017794132232666016
104,0.016977310180664062
105,0.0171968936920166
106,0.016375303268432617
107,0.016535043716430664
108,0.01906132698059082
109,0.019174575805664062
110,0.02109074592590332
111,0.017889738082885742
112,0.017449140548706055
113,0.017822742462158203
114,0.01874256134033203
115,0.018195152282714844
116,0.02134227752685547
117,0.01779961585998535
118,0.016750335693359375
119,0.01952075958251953
120,0.021213293075561523
121,0.018043041229248047
122,0.0194246768951416
123,0.023897647857666016
124,0.019263744354248047
125,0.022611141204833984
126,0.020544052124023438
127,0.02014303207397461
128,0.02018117904663086
129,0.018827438354492188
130,0.02349543571472168
131,0.019695758819580078
132,0.02505970001220703
133,0.02390265464782715
134,0.0226900577545166
135,0.025866031646728516
136,0.02062392234802246
137,0.02629828453063965
138,0.02496623992919922
139,0.022188663482666016
140,0.02128314971923828
141,0.02266836166381836
142,0.026857852935791016
143,0.02271580696105957
144,0.022379159927368164
145,0.025197267532348633
146,0.022081375122070312
147,0.028919219970703125
148,0.023614168167114258
149,0.024367809295654297
150,0.025162458419799805
151,0.02443671226501465
152,0.0220184326171875
153,0.02655196189880371
154,0.022838115692138672
155,0.025425434112548828
156,0.026493310928344727
157,0.021591901779174805
158,0.030163049697875977
159,0.02524733543395996
160,0.02591562271118164
161,0.028622150421142578
162,0.02611231803894043
163,0.046175241470336914
164,0.03332686424255371
165,0.03802490234375
166,0.03264570236206055
167,0.03299832344055176
168,0.03438854217529297
169,0.0401463508605957
170,0.0374603271484375
171,0.03409624099731445
172,0.0351710319519043
173,0.037799835205078125
174,0.037821054458618164
175,0.03353166580200195
176,0.038378238677978516
177,0.03205990791320801
178,0.03642892837524414
179,0.03632807731628418
180,0.03578495979309082
181,0.038016557693481445
182,0.03672194480895996
183,0.03795766830444336
184,0.03809714317321777
185,0.03394675254821777
186,0.03785371780395508
187,0.03565359115600586
188,0.03882861137390137
189,0.040546417236328125
190,0.06061601638793945
191,0.03753852844238281
192,0.04131817817687988
193,0.03656172752380371
194,0.040186405181884766
195,0.036744117736816406
196,0.03558492660522461
197,0.03937554359436035
198,0.03827810287475586
199,0.0402827262878418
2,0.0003719329833984375
3,0.0007107257843017578
4,0.001007080078125
5,0.0008499622344970703
6,0.0004203319549560547
7,0.0005114078521728516
8,0.0005750656127929688
9,0.0006000995635986328
10,0.0009608268737792969
11,0.001976490020751953
12,0.001531839370727539
13,0.0016465187072753906
14,0.0038657188415527344
15,0.0008730888366699219
16,0.0008077621459960938
17,0.0007998943328857422
18,0.0009479522705078125
19,0.0015938282012939453
20,0.0037097930908203125
21,0.0028336048126220703
22,0.0044286251068115234
23,0.007830381393432617
24,0.003397226333618164
25,0.0018651485443115234
26,0.0037429332733154297
27,0.002637147903442383
28,0.002910614013671875
29,0.005339384078979492
30,0.004273176193237305
31,0.00305938720703125
32,0.010833263397216797
33,0.002786874771118164
34,0.0036780834197998047
35,0.005036115646362305
36,0.003346681594848633
37,0.003633737564086914
38,0.004839420318603516
39,0.00682377815246582
40,0.005251169204711914
41,0.008689641952514648
42,0.010049104690551758
43,0.010929584503173828
44,0.004953145980834961
45,0.006854057312011719
46,0.007317781448364258
47,0.00604701042175293
48,0.011834859848022461
49,0.008097648620605469
50,0.006196737289428711
51,0.006155729293823242
52,0.01455545425415039
53,0.011931896209716797
54,0.011381864547729492
55,0.017940998077392578
56,0.016463756561279297
57,0.01325225830078125
58,0.021040916442871094
59,0.008808374404907227
60,0.011688470840454102
61,0.018182992935180664
62,0.014557600021362305
63,0.011177539825439453
64,0.019546985626220703
65,0.017840147018432617
66,0.013739824295043945
67,0.010996818542480469
68,0.011843681335449219
69,0.014496803283691406
70,0.018842220306396484
71,0.009548664093017578
72,0.016068220138549805
73,0.013672828674316406
74,0.01580524444580078
75,0.013463258743286133
76,0.00999307632446289
77,0.02196955680847168
78,0.016901016235351562
79,0.015244007110595703
80,0.020389556884765625
81,0.011933088302612305
82,0.017604589462280273
83,0.02486872673034668
84,0.03905773162841797
85,0.024453401565551758
86,0.01878833770751953
87,0.020879507064819336
88,0.022436857223510742
89,0.02061748504638672
90,0.019871234893798828
91,0.01779627799987793
92,0.023291349411010742
93,0.018041610717773438
94,0.02317667007446289
95,0.02427983283996582
96,0.03324460983276367
97,0.022585630416870117
98,0.022602558135986328
99,0.030422687530517578
100,0.03140616416931152
101,0.04854917526245117
102,0.03048229217529297
103,0.019881010055541992
104,0.025935649871826172
105,0.022522687911987305
106,0.02566981315612793
107,0.028882503509521484
108,0.04291415214538574
109,0.021808624267578125
110,0.0329432487487793
111,0.029103755950927734
112,0.023335933685302734
113,0.016779422760009766
114,0.022234201431274414
115,0.01850128173828125
116,0.01680302619934082
117,0.019088268280029297
118,0.018283367156982422
119,0.018839359283447266
120,0.019727230072021484
121,0.022983074188232422
122,0.021524429321289062
123,0.020183086395263672
124,0.01928877830505371
125,0.03359675407409668
126,0.0369415283203125
127,0.019068479537963867
128,0.02112412452697754
129,0.04353189468383789
130,0.02810955047607422
131,0.04195880889892578
132,0.02239251136779785
133,0.021203994750976562
134,0.023075342178344727
135,0.02290821075439453
136,0.02268671989440918
137,0.020775318145751953
138,0.0196225643157959
139,0.024830102920532227
140,0.023682594299316406
141,0.021754980087280273
142,0.023564815521240234
143,0.019323348999023438
144,0.025154590606689453
145,0.022783517837524414
146,0.022766828536987305
147,0.0224764347076416
148,0.02204132080078125
149,0.024794340133666992
150,0.022342681884765625
151,0.023753643035888672
152,0.025956392288208008
153,0.02192997932434082
154,0.02485799789428711
155,0.02634429931640625
156,0.024441003799438477
157,0.027953386306762695
158,0.028181076049804688
159,0.024120330810546875
160,0.023190021514892578
161,0.027009963989257812
162,0.028423070907592773
163,0.030164480209350586
164,0.029472827911376953
165,0.03087759017944336
166,0.031681060791015625
167,0.03500843048095703
168,0.04852938652038574
169,0.03681659698486328
170,0.03481721878051758
171,0.032184600830078125
172,0.037793874740600586
173,0.036318302154541016
174,0.03789830207824707
175,0.03220653533935547
176,0.03315091133117676
177,0.03641057014465332
178,0.03661704063415527
179,0.03732657432556152
180,0.0338594913482666
181,0.037233829498291016
182,0.03419041633605957
183,0.036882638931274414
184,0.03324317932128906
185,0.03874659538269043
186,0.033286333084106445
187,0.03564763069152832
188,0.06614112854003906
189,0.02879786491394043
190,0.031732797622680664
191,0.028918027877807617
192,0.03075408935546875
193,0.032607316970825195
194,0.02937769889831543
195,0.03377580642700195
196,0.030475139617919922
197,0.03479766845703125
198,0.03074359893798828
199,0.03094935417175293
2,0.0008630752563476562
3,0.0005216598510742188
4,0.001499176025390625
5,0.002199888229370117
6,0.0005140304565429688
7,0.0005199909210205078
8,0.0013461112976074219
9,0.002286195755004883
10,0.0013051033020019531
11,0.0046198368072509766
12,0.0008172988891601562
13,0.0006487369537353516
14,0.0010995864868164062
15,0.0011932849884033203
16,0.00433659553527832
17,0.0014576911926269531
18,0.0017821788787841797
19,0.0023941993713378906
20,0.0013887882232666016
21,0.0019245147705078125
22,0.0036864280700683594
23,0.004496335983276367
24,0.002130746841430664
25,0.006005764007568359
26,0.0025262832641601562
27,0.0025691986083984375
28,0.004103660583496094
29,0.0020875930786132812
30,0.0021708011627197266
31,0.0036160945892333984
32,0.006887674331665039
33,0.0046694278717041016
34,0.00751185417175293
35,0.005155086517333984
36,0.00837397575378418
37,0.007077693939208984
38,0.008744239807128906
39,0.005029916763305664
40,0.008342504501342773
41,0.0058863162994384766
42,0.01198434829711914
43,0.01093292236328125
44,0.013981819152832031
45,0.012400627136230469
46,0.010671377182006836
47,0.008236885070800781
48,0.011792421340942383
49,0.012088775634765625
50,0.006967067718505859
51,0.012281179428100586
52,0.011802434921264648
53,0.0158536434173584
54,0.012758493423461914
55,0.012220382690429688
56,0.009417295455932617
57,0.010434150695800781
58,0.01784229278564453
59,0.013011932373046875
60,0.01286172866821289
61,0.012735366821289062
62,0.011949777603149414
63,0.010722160339355469
64,0.010029315948486328
65,0.013328313827514648
66,0.030292034149169922
67,0.009511232376098633
68,0.010464191436767578
69,0.007014274597167969
70,0.014876604080200195
71,0.014715433120727539
72,0.01425027847290039
73,0.013212442398071289
74,0.011584043502807617
75,0.014378070831298828
76,0.015327215194702148
77,0.011857271194458008
78,0.013929128646850586
79,0.009699583053588867
80,0.009727716445922852
81,0.012643575668334961
82,0.01637554168701172
83,0.02257251739501953
84,0.018594741821289062
85,0.020212650299072266
86,0.022106409072875977
87,0.0199887752532959
88,0.022203683853149414
89,0.01944899559020996
90,0.013262510299682617
91,0.013099431991577148
92,0.014189720153808594
93,0.011363029479980469
94,0.011705636978149414
95,0.012293338775634766
96,0.012862682342529297
97,0.013549089431762695
98,0.01525425910949707
99,0.012506961822509766
100,0.014998912811279297
101,0.013299942016601562
102,0.014006614685058594
103,0.015201091766357422
104,0.0142669677734375
105,0.011592864990234375
106,0.013802051544189453
107,0.014943838119506836
108,0.01232457160949707
109,0.014730215072631836
110,0.016216278076171875
111,0.014161825180053711
112,0.013455867767333984
113,0.014690637588500977
114,0.015225648880004883
115,0.014522075653076172
116,0.014610528945922852
117,0.01584935188293457
118,0.015993833541870117
119,0.015799283981323242
120,0.018364667892456055
121,0.015624523162841797
122,0.017275094985961914
123,0.015667200088500977
124,0.016973018646240234
125,0.017528295516967773
126,0.016104698181152344
127,0.019158601760864258
128,0.018009424209594727
129,0.017031192779541016
130,0.01676177978515625
131,0.014829158782958984
132,0.020928144454956055
133,0.016329288482666016
134,0.017399072647094727
135,0.019011497497558594
136,0.017436742782592773
137,0.018842458724975586
138,0.018223047256469727
139,0.019731521606445312
140,0.018370389938354492
141,0.01884770393371582
142,0.02072930335998535
143,0.01750779151916504
144,0.018512725830078125
145,0.01855182647705078
146,0.019463300704956055
147,0.01963639259338379
148,0.021125078201293945
149,0.018407583236694336
150,0.021488189697265625
151,0.018741130828857422
152,0.020969152450561523
153,0.01990652084350586
154,0.02134251594543457
155,0.020459413528442383
156,0.02092909812927246
157,0.020390748977661133
158,0.019818782806396484
159,0.019739866256713867
160,0.022256135940551758
161,0.021077394485473633
162,0.026065826416015625
163,0.02103137969970703
164,0.02671051025390625
165,0.024162769317626953
166,0.025903701782226562
167,0.028055429458618164
168,0.02802419662475586
169,0.03263735771179199
170,0.029811620712280273
171,0.03242635726928711
172,0.030278444290161133
173,0.030969858169555664
174,0.028220415115356445
175,0.03021240234375
176,0.027987241744995117
177,0.03442978858947754
178,0.030527114868164062
179,0.033296823501586914
180,0.03027963638305664
181,0.03315329551696777
182,0.03658294677734375
183,0.028697729110717773
184,0.03339719772338867
185,0.030419588088989258
186,0.029012441635131836
187,0.032407522201538086
188,0.03325772285461426
189,0.030789852142333984
190,0.032248735427856445
191,0.03514671325683594
192,0.03162956237792969
193,0.030221939086914062
194,0.03058338165283203
195,0.030182361602783203
196,0.03227710723876953
197,0.03134489059448242
198,0.03357744216918945
199,0.032001495361328125
2,0.0003597736358642578
3,0.000537872314453125
4,0.0003864765167236328
5,0.0003933906555175781
6,0.0004444122314453125
7,0.00042176246643066406
8,0.0006439685821533203
9,0.00047969818115234375
10,0.0005395412445068359
11,0.0007710456848144531
12,0.0026857852935791016
13,0.0011508464813232422
14,0.0007259845733642578
15,0.001302957534790039
16,0.000804901123046875
17,0.0010480880737304688
18,0.001093149185180664
19,0.001131296157836914
20,0.0023584365844726562
21,0.0018165111541748047
22,0.002033233642578125
23,0.001939535140991211
24,0.0024013519287109375
25,0.002543926239013672
26,0.0035729408264160156
27,0.0022246837615966797
28,0.0030612945556640625
29,0.00231170654296875
30,0.005519866943359375
31,0.0027816295623779297
32,0.0034923553466796875
33,0.0026488304138183594
34,0.006385087966918945
35,0.002893209457397461
36,0.0030803680419921875
37,0.0064356327056884766
38,0.004525661468505859
39,0.005114078521728516
40,0.004100322723388672
41,0.004742622375488281
42,0.008281230926513672
43,0.004895687103271484
44,0.009988546371459961
45,0.006391048431396484
46,0.006718158721923828
47,0.005690097808837891
48,0.010651111602783203
49,0.00564122200012207
50,0.006522417068481445
51,0.005725860595703125
52,0.0075457096099853516
53,0.008461475372314453
54,0.0060231685638427734
55,0.009577035903930664
56,0.006597042083740234
57,0.00959324836730957
58,0.0068836212158203125
59,0.011310338973999023
60,0.011445283889770508
61,0.008456945419311523
62,0.007705211639404297
63,0.011614799499511719
64,0.010345697402954102
65,0.006993770599365234
66,0.009609460830688477
67,0.007490634918212891
68,0.008325338363647461
69,0.007998943328857422
70,0.012114524841308594
71,0.008388757705688477
72,0.009165763854980469
73,0.009389162063598633
74,0.009628057479858398
75,0.009042978286743164
76,0.011763811111450195
77,0.009465694427490234
78,0.009873151779174805
79,0.009247541427612305
80,0.01135110855102539
81,0.014824867248535156
82,0.012309074401855469
83,0.014557361602783203
84,0.015767574310302734
85,0.017520904541015625
86,0.014261484146118164
87,0.017073392868041992
88,0.017738819122314453
89,0.015984058380126953
90,0.01865983009338379
91,0.014414310455322266
92,0.01672077178955078
93,0.02283620834350586
94,0.018821239471435547
95,0.022074222564697266
96,0.039504051208496094
97,0.01749420166015625
98,0.017090797424316406
99,0.014373540878295898
100,0.016876697540283203
101,0.015685081481933594
102,0.017393112182617188
103,0.02096843719482422
104,0.01563549041748047
105,0.02028822898864746
106,0.017525911331176758
107,0.018202781677246094
108,0.018341064453125
109,0.01664590835571289
110,0.021323680877685547
111,0.020581960678100586
112,0.018375873565673828
113,0.018986225128173828
114,0.017467737197875977
115,0.017586946487426758
116,0.019602298736572266
117,0.017732858657836914
118,0.025801897048950195
119,0.019971847534179688
120,0.022330045700073242
121,0.019684791564941406
122,0.023394346237182617
123,0.019858837127685547
124,0.021384716033935547
125,0.017993450164794922
126,0.024541854858398438
127,0.018840789794921875
128,0.02089095115661621
129,0.02304553985595703
130,0.021141529083251953
131,0.020880460739135742
132,0.02587294578552246
133,0.021810531616210938
134,0.02155590057373047
135,0.02266526222229004
136,0.03711271286010742
137,0.02454543113708496
138,0.020133495330810547
139,0.021231412887573242
140,0.028993844985961914
141,0.030281782150268555
142,0.025056838989257812
143,0.022176742553710938
144,0.022113561630249023
145,0.02231884002685547
146,0.024038076400756836
147,0.02359461784362793
148,0.023411273956298828
149,0.025908231735229492
150,0.022539377212524414
151,0.0269773006439209
152,0.025057554244995117
153,0.02421259880065918
154,0.027413368225097656
155,0.022430896759033203
156,0.02620530128479004
157,0.02478480339050293
158,0.026013612747192383
159,0.02662181854248047
160,0.02332019805908203
161,0.027935504913330078
162,0.028354167938232422
163,0.02904677391052246
164,0.034406185150146484
165,0.03715038299560547
166,0.03217506408691406
167,0.03042769432067871
168,0.03766489028930664
169,0.03363680839538574
170,0.04020214080810547
171,0.0364079475402832
172,0.03472900390625
173,0.03766036033630371
174,0.0378873348236084
175,0.03524923324584961
176,0.036299705505371094
177,0.04101920127868652
178,0.035987138748168945
179,0.03286480903625488
180,0.03397679328918457
181,0.04357743263244629
182,0.031000852584838867
183,0.03535819053649902
184,0.03269386291503906
185,0.030948162078857422
186,0.048081398010253906
187,0.033935546875
188,0.03466057777404785
189,0.0299832820892334
190,0.03171801567077637
191,0.030937671661376953
192,0.03302192687988281
193,0.03296232223510742
194,0.03013324737548828
195,0.03091907501220703
196,0.030263900756835938
197,0.03328108787536621
198,0.03159809112548828
199,0.030791044235229492
2,0.00034117698669433594
3,0.0003223419189453125
4,0.0003750324249267578
5,0.0004119873046875
6,0.0008456707000732422
7,0.0008335113525390625
8,0.0005130767822265625
9,0.0006160736083984375
10,0.0005278587341308594
11,0.0005984306335449219
12,0.0008058547973632812
13,0.0006082057952880859
14,0.0006735324859619141
15,0.0007305145263671875
16,0.0008351802825927734
17,0.0013141632080078125
18,0.0014944076538085938
19,0.0010807514190673828
20,0.0010008811950683594
21,0.0016932487487792969
22,0.0017137527465820312
23,0.0017547607421875
24,0.0018200874328613281
25,0.0034303665161132812
26,0.0018432140350341797
27,0.0029151439666748047
28,0.0029032230377197266
29,0.002959012985229492
30,0.0022754669189453125
31,0.002286195755004883
32,0.0022439956665039062
33,0.002268075942993164
34,0.0043544769287109375
35,0.0031371116638183594
36,0.002669095993041992
37,0.002938508987426758
38,0.002834796905517578
39,0.0049593448638916016
40,0.00546717643737793
41,0.004506349563598633
42,0.004777669906616211
43,0.008423805236816406
44,0.004458189010620117
45,0.007454633712768555
46,0.004785299301147461
47,0.004782438278198242
48,0.0054798126220703125
49,0.006642341613769531
50,0.005457878112792969
51,0.0059468746185302734
52,0.008390188217163086
53,0.006220102310180664
54,0.007024526596069336
55,0.007198810577392578
56,0.009010553359985352
57,0.005428314208984375
58,0.006354808807373047
59,0.007161140441894531
60,0.0107269287109375
61,0.007408857345581055
62,0.006406068801879883
63,0.007035970687866211
64,0.006899833679199219
65,0.008838415145874023
66,0.0072116851806640625
67,0.009626388549804688
68,0.007194042205810547
69,0.008685827255249023
70,0.010192394256591797
71,0.008513212203979492
72,0.009070873260498047
73,0.009909629821777344
74,0.011091947555541992
75,0.007355928421020508
76,0.009061098098754883
77,0.006784677505493164
78,0.010553121566772461
79,0.009622335433959961
80,0.007646799087524414
81,0.010971546173095703
82,0.011860847473144531
83,0.016218900680541992
84,0.01314687728881836
85,0.012003660202026367
86,0.010912656784057617
87,0.011905908584594727
88,0.013488054275512695
89,0.01285099983215332
90,0.013715744018554688
91,0.013004302978515625
92,0.011503458023071289
93,0.01184844970703125
94,0.014540910720825195
95,0.0166018009185791
96,0.011503219604492188
97,0.013447761535644531
98,0.015486001968383789
99,0.01551675796508789
100,0.01532888412475586
101,0.014322042465209961
102,0.016324996948242188
103,0.016516923904418945
104,0.013660192489624023
105,0.01763916015625
106,0.021502971649169922
107,0.012856721878051758
108,0.017339706420898438
109,0.014153718948364258
110,0.01532435417175293
111,0.015925884246826172
112,0.014892339706420898
113,0.018359661102294922
114,0.01728987693786621
115,0.014876365661621094
116,0.018288135528564453
117,0.01454782485961914
118,0.016364574432373047
119,0.017323970794677734
120,0.024753093719482422
121,0.015903234481811523
122,0.01651144027709961
123,0.018569469451904297
124,0.016826868057250977
125,0.016242504119873047
126,0.019856691360473633
127,0.017835378646850586
128,0.0178682804107666
129,0.017930984497070312
130,0.0175933837890625
131,0.016444683074951172
132,0.019305706024169922
133,0.017409563064575195
134,0.020299673080444336
135,0.019880294799804688
136,0.01768779754638672
137,0.01951909065246582
138,0.017340421676635742
139,0.02059459686279297
140,0.019073486328125
141,0.017273902893066406
142,0.023470640182495117
143,0.020177125930786133
144,0.019199609756469727
145,0.02348923683166504
146,0.020875930786132812
147,0.01908707618713379
148,0.02216815948486328
149,0.020197391510009766
150,0.020857572555541992
151,0.02131795883178711
152,0.022263288497924805
153,0.021022796630859375
154,0.02009129524230957
155,0.02130866050720215
156,0.02072596549987793
157,0.020395755767822266
158,0.023215293884277344
159,0.02102351188659668
160,0.02394556999206543
161,0.020860910415649414
162,0.025878190994262695
163,0.02483224868774414
164,0.024734973907470703
165,0.027964353561401367
166,0.026256084442138672
167,0.026808500289916992
168,0.030019044876098633
169,0.031575679779052734
170,0.02920985221862793
171,0.031391143798828125
172,0.028764724731445312
173,0.031358957290649414
174,0.031511783599853516
175,0.035176992416381836
176,0.03868389129638672
177,0.028194427490234375
178,0.02839374542236328
179,0.02913951873779297
180,0.02864694595336914
181,0.032254934310913086
182,0.031163930892944336
183,0.03038311004638672
184,0.030431270599365234
185,0.03421282768249512
186,0.028915882110595703
187,0.03302884101867676
188,0.029549598693847656
189,0.029363393783569336
190,0.030066728591918945
191,0.03241610527038574
192,0.030772686004638672
193,0.03487539291381836
194,0.03231382369995117
195,0.03269648551940918
196,0.031952857971191406
197,0.03156423568725586
198,0.03143572807312012
199,0.034731388092041016
2,0.0007374286651611328
3,0.0004317760467529297
4,0.0005004405975341797
5,0.0004987716674804688
6,0.0015795230865478516
7,0.0009627342224121094
8,0.002218008041381836
9,0.0009045600891113281
10,0.0005481243133544922
11,0.0005576610565185547
12,0.0011982917785644531
13,0.0010492801666259766
14,0.0021409988403320312
15,0.0012557506561279297
16,0.0027420520782470703
17,0.0009834766387939453
18,0.0013458728790283203
19,0.0019176006317138672
20,0.002215147018432617
21,0.005730152130126953
22,0.003132343292236328
23,0.004181623458862305
24,0.0026018619537353516
25,0.00614619255065918
26,0.00432896614074707
27,0.003777742385864258
28,0.003945827484130859
29,0.002294778823852539
30,0.006482839584350586
31,0.0033464431762695312
32,0.003753662109375
33,0.005304098129272461
34,0.006982564926147461
35,0.003716707229614258
36,0.006370067596435547
37,0.0028409957885742188
38,0.007506608963012695
39,0.005354166030883789
40,0.0031223297119140625
41,0.00908207893371582
42,0.005070686340332031
43,0.012193918228149414
44,0.008587121963500977
45,0.007988214492797852
46,0.01276087760925293
47,0.01571941375732422
48,0.010270833969116211
49,0.012322425842285156
50,0.00881195068359375
51,0.009938716888427734
52,0.009449958801269531
53,0.01113128662109375
54,0.011333703994750977
55,0.009514331817626953
56,0.010437726974487305
57,0.013808250427246094
58,0.011180877685546875
59,0.007938861846923828
60,0.00795745849609375
61,0.01323080062866211
62,0.011328697204589844
63,0.013309955596923828
64,0.007997274398803711
65,0.014544486999511719
66,0.015301227569580078
67,0.013543128967285156
68,0.013127565383911133
69,0.016741514205932617
70,0.013515233993530273
71,0.013014793395996094
72,0.012911319732666016
73,0.016925334930419922
74,0.016469717025756836
75,0.014229059219360352
76,0.014413118362426758
77,0.015718698501586914
78,0.013661861419677734
79,0.018347501754760742
80,0.018464088439941406
81,0.013077974319458008
82,0.019284963607788086
83,0.015714645385742188
84,0.02272963523864746
85,0.02137899398803711
86,0.02236175537109375
87,0.0269010066986084
88,0.030692577362060547
89,0.030503511428833008
90,0.02038860321044922
91,0.01654195785522461
92,0.033743858337402344
93,0.021597623825073242
94,0.011422157287597656
95,0.016681194305419922
96,0.01301717758178711
97,0.028313875198364258
98,0.01919102668762207
99,0.0199429988861084
100,0.02096104621887207
101,0.021076440811157227
102,0.0171356201171875
103,0.020357370376586914
104,0.02711319923400879
105,0.02156805992126465
106,0.027805328369140625
107,0.021526098251342773
108,0.022185564041137695
109,0.02024984359741211
110,0.017885684967041016
111,0.023679018020629883
112,0.017017602920532227
113,0.012974262237548828
114,0.015639305114746094
115,0.013551712036132812
116,0.013835668563842773
117,0.01474142074584961
118,0.017024755477905273
119,0.015877723693847656
120,0.014585494995117188
121,0.017720937728881836
122,0.01631617546081543
123,0.015015125274658203
124,0.016837358474731445
125,0.016309022903442383
126,0.016965150833129883
127,0.016535282135009766
128,0.021078824996948242
129,0.016422033309936523
130,0.016759157180786133
131,0.016019105911254883
132,0.020369291305541992
133,0.01763606071472168
134,0.017673254013061523
135,0.01767134666442871
136,0.01973748207092285
137,0.01597452163696289
138,0.018845319747924805
139,0.017432212829589844
140,0.018648862838745117
141,0.02103734016418457
142,0.017940521240234375
143,0.018288850784301758
144,0.01713275909423828
145,0.01900339126586914
146,0.02326178550720215
147,0.019324541091918945
148,0.019666194915771484
149,0.020931482315063477
150,0.019151687622070312
151,0.02223992347717285
152,0.019613027572631836
153,0.01877450942993164
154,0.022211551666259766
155,0.02031254768371582
156,0.023409605026245117
157,0.02023768424987793
158,0.022025108337402344
159,0.02007889747619629
160,0.021778583526611328
161,0.021509170532226562
162,0.023012161254882812
163,0.026639461517333984
164,0.024901628494262695
165,0.027933835983276367
166,0.02635955810546875
167,0.03328704833984375
168,0.03302645683288574
169,0.03544735908508301
170,0.03718113899230957
171,0.033722639083862305
172,0.0384366512298584
173,0.037276268005371094
174,0.035875558853149414
175,0.03338122367858887
176,0.0336911678314209
177,0.036977529525756836
178,0.03643059730529785
179,0.034250497817993164
180,0.03268933296203613
181,0.032128095626831055
182,0.03442072868347168
183,0.035640716552734375
184,0.0344541072845459
185,0.032639503479003906
186,0.032659053802490234
187,0.034607648849487305
188,0.037183284759521484
189,0.03938412666320801
190,0.0378262996673584
191,0.03827643394470215
192,0.0357670783996582
193,0.03553891181945801
194,0.034444332122802734
195,0.03889179229736328
196,0.04251503944396973
197,0.033394813537597656
198,0.03721046447753906
199,0.0433502197265625
2,0.00033164024353027344
3,0.0003266334533691406
4,0.00034117698669433594
5,0.00045561790466308594
6,0.0004379749298095703
7,0.0004222393035888672
8,0.0004923343658447266
9,0.00048422813415527344
10,0.0006048679351806641
11,0.0007424354553222656
12,0.0005841255187988281
13,0.0007703304290771484
14,0.0007729530334472656
15,0.0014002323150634766
16,0.0011615753173828125
17,0.0009059906005859375
18,0.0008924007415771484
19,0.0009391307830810547
20,0.0011031627655029297
21,0.0017178058624267578
22,0.0017600059509277344
23,0.0019621849060058594
24,0.0020873546600341797
25,0.0020813941955566406
26,0.00199127197265625
27,0.0041730403900146484
28,0.0022509098052978516
29,0.0032176971435546875
30,0.0028824806213378906
31,0.002890348434448242
32,0.002517223358154297
33,0.002779722213745117
34,0.0031266212463378906
35,0.003142118453979492
36,0.003064870834350586
37,0.002853870391845703
38,0.0063152313232421875
39,0.0031104087829589844
40,0.0030155181884765625
41,0.005816221237182617
42,0.00572514533996582
43,0.004505157470703125
44,0.006337165832519531
45,0.00467228889465332
46,0.00805211067199707
47,0.0045528411865234375
48,0.006871700286865234
49,0.005026817321777344
50,0.009204387664794922
51,0.005646228790283203
52,0.0071353912353515625
53,0.004863262176513672
54,0.006836891174316406
55,0.005724668502807617
56,0.005841970443725586
57,0.006114482879638672
58,0.00725245475769043
59,0.005319833755493164
60,0.007885932922363281
61,0.005914211273193359
62,0.006566286087036133
63,0.0071563720703125
64,0.006245136260986328
65,0.005907535552978516
66,0.007306337356567383
67,0.0067369937896728516
68,0.008243083953857422
69,0.006535053253173828
70,0.008491992950439453
71,0.0063855648040771484
72,0.009975910186767578
73,0.0072515010833740234
74,0.008172750473022461
75,0.008000850677490234
76,0.007257938385009766
77,0.011336565017700195
78,0.009086370468139648
79,0.007353544235229492
80,0.010637521743774414
81,0.00795888900756836
82,0.010304689407348633
83,0.010776042938232422
84,0.01415705680847168
85,0.013249874114990234
86,0.010584831237792969
87,0.011737823486328125
88,0.01404261589050293
89,0.01308441162109375
90,0.012393712997436523
91,0.012890100479125977
92,0.012388229370117188
93,0.012185811996459961
94,0.012659788131713867
95,0.014801979064941406
96,0.01126241683959961
97,0.014044046401977539
98,0.014826297760009766
99,0.014881134033203125
100,0.013971567153930664
101,0.0157010555267334
102,0.013807058334350586
103,0.017452716827392578
104,0.015219926834106445
105,0.014263629913330078
106,0.014826059341430664
107,0.016476869583129883
108,0.012764692306518555
109,0.01677250862121582
110,0.015124797821044922
111,0.015044212341308594
112,0.014855384826660156
113,0.015675067901611328
114,0.01520538330078125
115,0.016303539276123047
116,0.014669179916381836
117,0.016074419021606445
118,0.01717996597290039
119,0.01688861846923828
120,0.015669584274291992
121,0.017211437225341797
122,0.01700592041015625
123,0.01569223403930664
124,0.01671886444091797
125,0.017907381057739258
126,0.01721954345703125
127,0.016933679580688477
128,0.01745891571044922
129,0.016783475875854492
130,0.018115758895874023
131,0.0164792537689209
132,0.01735401153564453
133,0.019489288330078125
134,0.0156557559967041
135,0.01749444007873535
136,0.018866539001464844
137,0.019047021865844727
138,0.017711162567138672
139,0.016791105270385742
140,0.019153118133544922
141,0.01849818229675293
142,0.021580934524536133
143,0.019100189208984375
144,0.020283222198486328
145,0.018634557723999023
146,0.018346786499023438
147,0.019711732864379883
148,0.018666505813598633
149,0.02010059356689453
150,0.01973724365234375
151,0.02117919921875
152,0.01950216293334961
153,0.021304607391357422
154,0.019724607467651367
155,0.02092289924621582
156,0.024655818939208984
157,0.02364373207092285
158,0.020682334899902344
159,0.02223825454711914
160,0.0207369327545166
161,0.020925045013427734
162,0.022999048233032227
163,0.025011539459228516
164,0.023766517639160156
165,0.027152061462402344
166,0.023688077926635742
167,0.028553485870361328
168,0.0287630558013916
169,0.03142380714416504
170,0.027153730392456055
171,0.029369592666625977
172,0.02784895896911621
173,0.02811598777770996
174,0.03108048439025879
175,0.026499509811401367
176,0.031714439392089844
177,0.028974533081054688
178,0.02934885025024414
179,0.02805781364440918
180,0.029927730560302734
181,0.028290271759033203
182,0.03090977668762207
183,0.029182910919189453
184,0.02994537353515625
185,0.032559871673583984
186,0.03401470184326172
187,0.030438899993896484
188,0.030497312545776367
189,0.03056478500366211
190,0.02930450439453125
191,0.034432411193847656
192,0.034856319427490234
193,0.029573678970336914
194,0.029104232788085938
195,0.029528379440307617
196,0.03842449188232422
197,0.032881975173950195
198,0.03139615058898926
199,0.03272080421447754
2,0.0005631446838378906
3,0.00036334991455078125
4,0.0009136199951171875
5,0.0004420280456542969
6,0.0009622573852539062
7,0.0005185604095458984
8,0.0004734992980957031
9,0.00049591064453125
2,0.0003440380096435547
3,0.0005235671997070312
4,0.0004096031188964844
5,0.0027976036071777344
6,0.0005440711975097656
7,0.0008380413055419922
8,0.0005037784576416016
9,0.0005981922149658203
2,0.0003275871276855469
3,0.0003116130828857422
4,0.00037980079650878906
5,0.0003731250762939453
6,0.00037407875061035156
7,0.0007498264312744141
8,0.0009667873382568359
9,0.0005927085876464844
2,0.00033974647521972656
3,0.0008089542388916016
4,0.0003540515899658203
5,0.0005590915679931641
6,0.00036525726318359375
7,0.0004029273986816406
8,0.0007266998291015625
9,0.00046372413635253906
2,0.0004496574401855469
3,0.00032520294189453125
4,0.0015745162963867188
5,0.0004515647888183594
6,0.0007588863372802734
7,0.0018124580383300781
8,0.0008072853088378906
9,0.0012602806091308594
2,0.0022945404052734375
3,0.0018868446350097656
4,0.0011289119720458984
5,0.0004901885986328125
6,0.0004432201385498047
7,0.0007107257843017578
8,0.0007283687591552734
9,0.0012297630310058594
2,0.001455068588256836
3,0.002206087112426758
4,0.0004487037658691406
5,0.0005402565002441406
6,0.0007252693176269531
7,0.0015375614166259766
8,0.0004780292510986328
9,0.00044226646423339844
2,0.0012586116790771484
3,0.0007343292236328125
4,0.001689910888671875
5,0.0009753704071044922
6,0.0014486312866210938
7,0.0008189678192138672
8,0.0011966228485107422
9,0.0017006397247314453
2,0.0003407001495361328
3,0.0005593299865722656
4,0.0004913806915283203
5,0.0013623237609863281
6,0.0006868839263916016
7,0.0005550384521484375
8,0.0007474422454833984
9,0.0018091201782226562
2,0.0004329681396484375
3,0.000274658203125
4,0.00042700767517089844
5,0.0008161067962646484
6,0.0003638267517089844
7,0.0005781650543212891
8,0.0006499290466308594
9,0.0010509490966796875
2,0.0005390644073486328
3,0.0005097389221191406
4,0.0013725757598876953
5,0.0019516944885253906
6,0.0005123615264892578
7,0.0015425682067871094
8,0.0009717941284179688
9,0.0008549690246582031
2,0.002733469009399414
3,0.0014858245849609375
4,0.003865957260131836
5,0.0014128684997558594
6,0.002674102783203125
7,0.0009534358978271484
8,0.0015583038330078125
9,0.0020749568939208984
2,0.0004062652587890625
3,0.0010457038879394531
4,0.0011355876922607422
5,0.0013082027435302734
6,0.0018401145935058594
7,0.0011725425720214844
8,0.0007753372192382812
9,0.0007047653198242188
2,0.0004055500030517578
3,0.0016853809356689453
4,0.001049041748046875
5,0.00041794776916503906
6,0.0006773471832275391
7,0.0007350444793701172
8,0.0005178451538085938
9,0.0006070137023925781
2,0.0003809928894042969
3,0.0029706954956054688
4,0.0005872249603271484
5,0.0016329288482666016
6,0.0008947849273681641
7,0.0004913806915283203
8,0.0005917549133300781
9,0.0012555122375488281
2,0.0004096031188964844
3,0.0002970695495605469
4,0.0006947517395019531
5,0.0007131099700927734
6,0.00034499168395996094
7,0.0007266998291015625
8,0.0016851425170898438
9,0.0008685588836669922
2,0.0003635883331298828
3,0.00032806396484375
4,0.0007977485656738281
5,0.0003833770751953125
6,0.0006382465362548828
7,0.00045108795166015625
8,0.0006279945373535156
9,0.0006048679351806641
2,0.0006461143493652344
3,0.002113819122314453
4,0.0003299713134765625
5,0.0005652904510498047
6,0.0007100105285644531
7,0.0006256103515625
8,0.0005083084106445312
9,0.0003998279571533203
2,0.0005686283111572266
3,0.0006330013275146484
4,0.0006837844848632812
5,0.0005156993865966797
6,0.0003077983856201172
7,0.0003566741943359375
8,0.001605987548828125
9,0.0019195079803466797
2,0.0004639625549316406
3,0.0004086494445800781
4,0.001117706298828125
5,0.0003800392150878906
6,0.0003209114074707031
7,0.00041675567626953125
8,0.0005700588226318359
9,0.0004248619079589844
2,0.00036907196044921875
3,0.0003638267517089844
4,0.00037789344787597656
5,0.0003638267517089844
6,0.0017886161804199219
7,0.0008740425109863281
8,0.0013203620910644531
9,0.0007240772247314453
2,0.0023527145385742188
3,0.0004966259002685547
4,0.0007269382476806641
5,0.0010943412780761719
6,0.000637054443359375
7,0.0028939247131347656
8,0.013898372650146484
9,0.002214193344116211
10,0.01034092903137207
11,0.0008723735809326172
12,0.0010547637939453125
13,0.0013248920440673828
14,0.0012714862823486328
15,0.001055002212524414
16,0.012541532516479492
17,0.0018143653869628906
18,0.006365537643432617
19,0.002369403839111328
20,0.0013070106506347656
21,0.002866029739379883
22,0.008412837982177734
23,0.003451824188232422
24,0.00487518310546875
25,0.004147529602050781
26,0.009828329086303711
27,0.01150059700012207
28,0.009571313858032227
29,0.004105329513549805
30,0.01037454605102539
31,0.006369352340698242
32,0.006356000900268555
33,0.00575566291809082
34,0.011727094650268555
35,0.006009340286254883
36,0.003596067428588867
37,0.003432035446166992
38,0.0037763118743896484
39,0.002995729446411133
40,0.02709674835205078
41,0.00789332389831543
42,0.0068967342376708984
43,0.005708217620849609
44,0.005384683609008789
45,0.0296475887298584
46,0.009035348892211914
47,0.005247831344604492
48,0.007738351821899414
49,0.006128549575805664
50,0.00923919677734375
51,0.008116722106933594
52,0.006944179534912109
53,0.008379697799682617
54,0.00988006591796875
55,0.008370637893676758
56,0.014674186706542969
57,0.009737968444824219
58,0.01036977767944336
59,0.01691460609436035
60,0.011919021606445312
61,0.00951528549194336
62,0.019745826721191406
63,0.01598048210144043
64,0.023901939392089844
65,0.013303041458129883
66,0.017670392990112305
67,0.015650510787963867
68,0.01830601692199707
69,0.01213979721069336
70,0.025793790817260742
71,0.01845717430114746
72,0.022736549377441406
73,0.01976490020751953
74,0.018085956573486328
75,0.025446653366088867
76,0.019217967987060547
77,0.012765645980834961
78,0.013210773468017578
79,0.01664137840270996
80,0.019958972930908203
81,0.017258644104003906
82,0.02388477325439453
83,0.027556657791137695
84,0.02822279930114746
85,0.025512218475341797
86,0.03440380096435547
87,0.032447099685668945
88,0.02829885482788086
89,0.026752471923828125
90,0.029834747314453125
91,0.025466203689575195
92,0.028191089630126953
93,0.04068350791931152
94,0.03348040580749512
95,0.03888702392578125
96,0.04223203659057617
97,0.035980224609375
98,0.03865671157836914
99,0.032790184020996094
100,0.036545515060424805
101,0.03380298614501953
102,0.031310319900512695
103,0.030269622802734375
104,0.03179359436035156
105,0.043393850326538086
106,0.03158998489379883
107,0.0364527702331543
108,0.03313803672790527
109,0.02950739860534668
110,0.03297543525695801
111,0.04314923286437988
112,0.039571523666381836
113,0.0331270694732666
114,0.03914928436279297
115,0.033803701400756836
116,0.03817176818847656
117,0.03623843193054199
118,0.041883230209350586
119,0.03507494926452637
120,0.036737918853759766
121,0.03519558906555176
122,0.04363417625427246
123,0.04273176193237305
124,0.04650545120239258
125,0.04084157943725586
126,0.03855085372924805
127,0.04384183883666992
128,0.034911394119262695
129,0.03707075119018555
130,0.02568674087524414
131,0.026205778121948242
132,0.026369810104370117
133,0.02386927604675293
134,0.02299976348876953
135,0.028996944427490234
136,0.027835607528686523
137,0.030768156051635742
138,0.02858424186706543
139,0.03153061866760254
140,0.02753925323486328
141,0.028202056884765625
142,0.029738903045654297
143,0.027753114700317383
144,0.03162074089050293
145,0.03183412551879883
146,0.02817821502685547
147,0.030211210250854492
148,0.023668289184570312
149,0.027272701263427734
150,0.0289461612701416
151,0.025984764099121094
152,0.027353763580322266
153,0.028192758560180664
154,0.029578685760498047
155,0.02626776695251465
156,0.0299985408782959
157,0.028342247009277344
158,0.0327608585357666
159,0.03302764892578125
160,0.03321671485900879
161,0.028130769729614258
162,0.03403949737548828
163,0.03647494316101074
164,0.03401589393615723
165,0.03865385055541992
166,0.0418553352355957
167,0.04151344299316406
168,0.050937652587890625
169,0.03698992729187012
170,0.03925919532775879
171,0.036286354064941406
172,0.038645029067993164
173,0.037018537521362305
174,0.03769731521606445
175,0.0425107479095459
176,0.04616045951843262
177,0.0410916805267334
178,0.04288148880004883
179,0.04652261734008789
180,0.04761242866516113
181,0.046449899673461914
182,0.046079158782958984
183,0.04228615760803223
184,0.04205679893493652
185,0.048720359802246094
186,0.04477858543395996
187,0.04540228843688965
188,0.047826528549194336
189,0.0472865104675293
190,0.06322407722473145
191,0.050957441329956055
192,0.05284476280212402
193,0.05008339881896973
194,0.05809521675109863
195,0.05261659622192383
196,0.0569303035736084
197,0.05514931678771973
198,0.054198265075683594
199,0.05412006378173828
